zsl:[-0.06065036  0.14307407  0.10110798 -0.04930786 -0.11227441 -0.03175768
 -0.14787991 -0.15808266  0.0601347  -0.11467692  0.2115418  -0.05453309
 -0.20819741 -0.08049454 -0.00781932  0.154846   -0.13548344 -0.09426006
 -0.04313739 -0.03708139  0.02380057  0.02333156  0.04755514 -0.03221921
 -0.10271229 -0.38053563 -0.12854125 -0.06627502  0.01910882 -0.03224597
 -0.05479963  0.00700059 -0.12236929 -0.0005995   0.05872728  0.09648573
 -0.0786804  -0.05187798  0.21065554 -0.04206809 -0.20631228  0.04676995
  0.0706077   0.18683101  0.20330545  0.08010685  0.07690767 -0.1724309
  0.1317088  -0.1390025   0.10575986  0.15616445  0.0500816   0.09483101
  0.04794952 -0.12423895  0.05768919  0.10843656 -0.11884958  0.02160332
  0.1494927  -0.08401304 -0.03076164 -0.01367641  0.27874121  0.08234636
 -0.14221103 -0.14010862  0.10120519 -0.16424078 -0.08624798  0.03420195
 -0.12770268 -0.15817836 -0.31878889  0.05746492  0.37751889  0.14051408
 -0.20764142  0.01111327 -0.01905179 -0.0050041   0.17390972  0.14449403
 -0.12445905 -0.00169926 -0.07573786 -0.00807682  0.26535577 -0.05483077
 -0.02183789  0.25070497  0.03392691  0.14637171  0.04500656  0.03769506
 -0.07094076 -0.04065    -0.11826989 -0.00611464  0.1016992  -0.08369987
 -0.00472174  0.13695507 -0.17812683  0.16015993 -0.03211889  0.03786206
  0.03363212 -0.00470593 -0.10990515 -0.07540859  0.16751598 -0.21041927
  0.1905517   0.17562474  0.08420965  0.12111773  0.21366209  0.10196541
 -0.00755452 -0.04583044 -0.17096308 -0.0315598   0.10162541 -0.0029335
  0.10539551  0.03772271]***papi:[-0.0888884   0.12212914  0.18729474 -0.14875966 -0.17811054 -0.04661907
 -0.05340704 -0.0602195   0.16922905 -0.11556654  0.21378762 -0.01561818
 -0.16647466  0.02002345  0.01313882  0.16526103 -0.1639656  -0.1412497
 -0.13365729  0.00609497 -0.01547647  0.09293572 -0.00541016 -0.02368823
 -0.07132141 -0.39612988 -0.06749646 -0.0916528   0.03424362 -0.02226486
 -0.0484106   0.02518808 -0.16579673 -0.09764065  0.08156572  0.05012994
 -0.03933512 -0.1097037   0.10465378 -0.00595043 -0.27263686  0.05816772
  0.05875973  0.17551988  0.26786426  0.00288699  0.02388327 -0.16029209
  0.16034032 -0.20214054 -0.01299481  0.13987416  0.07262868  0.06500877
  0.06505907 -0.13117975  0.05495416  0.1058999  -0.23818071 -0.02360426
  0.14290427 -0.04224006 -0.02269961 -0.09868168  0.17316699  0.07793093
 -0.15870537 -0.17251877  0.10913999 -0.09861346 -0.01509901  0.01894907
 -0.19948725 -0.14013831 -0.22146223  0.00114605  0.38693357  0.11005588
 -0.16312687 -0.00710547 -0.14755477  0.01383638 -0.01583887  0.07272255
 -0.03001891 -0.06621058 -0.03301631  0.0310353   0.17119604 -0.05913342
  0.04501451  0.20881212 -0.0393364   0.04482426 -0.03894295  0.07107412
 -0.1794365   0.04004611 -0.13579756  0.00288608 -0.04270745 -0.03316149
  0.02238267  0.15023851 -0.17968179  0.16108206 -0.03138759  0.04829257
  0.01731841 -0.03095645 -0.01365569 -0.0701559   0.13122249 -0.14221855
  0.20635049  0.18581808  0.03393745  0.10709891  0.10200694  0.01105884
 -0.01774014 -0.00123958 -0.20088606 -0.03619431  0.03402172 -0.04010277
  0.03316674  0.01594696]***